MCS	Id	Type	Volume	SurfaceArea	X_Location	Y_Location	VEGF165	VEGF121	TotalVEGF	CXCL10	CCL2	Growing	Arrested	Quiescent	Apoptotic	Total Cell Number
0	1	1	34	29.779355491267186	48.8020136405601	48.88412583401023	0.04980029910802841	0.0	0.04980029910802841	0.0	0.0	0	0	1	0	1
0	2	1	34	29.779355491267186	56.575301287177645	48.9936087586105	0.04980029910802841	0.0	0.04980029910802841	0.0	0.0	0	0	1	0	2
0	3	1	31	26.056936054858788	64.00159869695725	48.84174534706826	0.04980029910802841	0.0	0.04980029910802841	0.0	0.0	0	0	1	0	3
0	8	1	33	27.297742533661587	101.22442853778746	49.06825620720158	0.04980029910802841	0.0	0.04980029910802841	0.0	0.0	0	0	1	0	8
0	10	1	35	28.538549012464387	116.16607512620207	48.84346074773018	0.04980029910802841	0.0	0.04980029910802841	0.0	0.0	0	0	1	0	10
0	11	1	34	28.538549012464387	123.68833406712912	48.88412583401027	0.04980029910802841	0.0	0.04980029910802841	0.0	0.0	0	0	1	0	11
0	12	1	32	27.297742533661587	131.0553374232379	48.82767370101322	0.04980029910802841	0.0	0.04980029910802841	0.0	0.0	0	0	1	0	12
0	13	1	31	26.056936054858788	138.35992889037354	48.96182339340394	0.04980029910802841	0.0	0.04980029910802841	0.0	0.0	0	0	1	0	13
0	14	1	31	27.297742533661587	145.92484580952598	48.661628277564596	0.04980029910802841	0.0	0.04980029910802841	0.0	0.0	0	0	1	0	14
0	16	1	30	26.056936054858788	160.6999490859476	48.79471477892003	0.04980029910802841	0.0	0.04980029910802841	0.0	0.0	0	0	1	0	16
0	17	1	32	28.538549012464387	168.10504337624025	48.94399930840101	0.04980029910802841	0.0	0.04980029910802841	0.0	0.0	0	0	1	0	17
0	18	1	32	28.538549012464387	175.43355664166927	48.82767370101328	0.04980029910802841	0.0	0.04980029910802841	0.0	0.0	0	0	1	0	18
0	20	1	33	28.538549012464387	190.56249501158902	48.89905532372851	0.04980029910802841	0.0	0.04980029910802841	0.0	0.0	0	0	1	0	20
0	21	1	34	27.297742533661587	197.9588130428216	48.96623802746046	0.04980029910802841	0.0	0.04980029910802841	0.0	0.0	0	0	1	0	21
0	22	1	30	27.297742533661587	205.29143191792315	49.073896236650675	0.04980029910802841	0.0	0.04980029910802841	0.0	0.0	0	0	1	0	22
0	23	1	32	27.297742533661587	212.7304545103706	48.79859229916629	0.04980029910802841	0.0	0.04980029910802841	0.0	0.0	0	0	1	0	23
0	24	1	33	28.538549012464387	220.0175488095328	48.98365576546506	0.04980029910802841	0.0	0.04980029910802841	0.0	0.0	0	0	1	0	24
0	25	1	33	26.056936054858788	228.1532912898648	48.8426550292375	0.04980029910802841	0.0	0.04980029910802841	0.0	0.0	0	0	1	0	25
0	28	1	32	26.056936054858788	64.13903177342748	56.272512573830085	0.04969798028469086	0.0017840542132034898	0.05148203449789435	0.0	0.00196959194727242	0	0	1	0	28
0	29	1	32	28.538549012464387	71.77289975824941	56.243431171983076	0.055776938796043396	0.004576774314045906	0.0603537131100893	0.004934219643473625	0.005921064410358667	0	0	1	0	29
0	34	1	31	28.538549012464387	108.92579778232152	56.13648666196533	0.049730367958545685	0.0	0.049730367958545685	0.0	0.003939184360206127	0	0	1	0	34
0	36	1	31	27.297742533661587	123.53029016790778	56.40666226622078	0.049698490649461746	0.0017298165475949645	0.05142830719705671	0.0	0.0019435568246990442	0	0	1	0	36
0	37	1	32	27.297742533661587	131.1280409278553	56.41791958306474	0.04969879984855652	0.0018505390034988523	0.05154933885205537	0.0	0.0019328815396875143	0	0	1	0	37
0	39	1	31	26.056936054858788	145.939855565318	56.13648666196534	0.04969798028469086	0.0017840539803728461	0.0514820342650637	0.0	0.00196959194727242	0	0	1	0	39
0	40	1	29	28.538549012464387	153.22890352456994	55.99674065976416	0.0547805093228817	0.004547614138573408	0.05932812346145511	0.002958996221423149	0.0	0	0	1	0	40
0	41	1	30	28.538549012464387	160.7464793289027	56.45669478552735	0.049697935581207275	0.0018190460978075862	0.05151698167901486	0.0	0.001972663914784789	0	0	1	0	41
0	42	1	31	27.297742533661587	168.24435267218445	56.13648666196533	0.049698881804943085	0.001780554885044694	0.05147943668998778	0.0	0.001926737604662776	0	0	1	0	42
0	44	1	32	29.779355491267186	183.125587430185	56.010779957207575	0.05575239658355713	0.004412020556628704	0.06016441714018583	0.004866571631282568	0.005839886609464884	0	0	1	0	44
0	45	1	30	28.538549012464387	190.55685498213995	56.08445284188653	0.049697935581207275	0.0018190459813922644	0.05151698156259954	0.0	0.001972663914784789	0	0	1	0	45
0	46	1	32	27.297742533661587	197.840776764737	56.35975677937088	0.049697935581207275	0.0018190459813922644	0.05151698156259954	0.0	0.001972663914784789	0	0	1	0	46
0	47	1	33	27.297742533661587	205.50857305171365	56.23109360756321	0.04969850927591324	0.0017181524308398366	0.051416661706753075	0.0	0.0019425328355282545	0	0	1	0	47
0	48	1	33	28.538549012464387	212.8829115564167	56.428494638281826	0.049697935581207275	0.0018190460978075862	0.05151698167901486	0.0	0.001972663914784789	0	0	1	0	48
0	49	1	32	27.297742533661587	220.0298863739527	56.35975677937087	0.0496978685259819	0.0018773660995066166	0.05157523462548852	0.0	0.0019777840934693813	0	0	1	0	49
0	51	1	31	27.297742533661587	49.0068526607799	63.521286511614285	0.05470284819602966	0.004267679061740637	0.0589705272577703	0.0028166091069579124	0.0	0	0	1	0	51
0	55	1	31	26.056936054858788	78.75618864046317	63.521286511614285	0.04973931983113289	0.0	0.04973931983113289	0.0	0.003283462021499872	0	0	1	0	55
0	57	1	32	29.779355491267186	93.80206165730696	63.83367705403466	0.054722338914871216	0.004344952758401632	0.05906729167327285	0.002852589590474963	0.0	0	0	1	0	57
0	58	1	32	28.538549012464387	101.01424931534824	63.950002661422424	0.055776555091142654	0.004547614138573408	0.06032416922971606	0.0049316599033772945	0.005917992442846298	0	0	1	0	58
0	59	1	33	26.056936054858788	108.57056689524498	63.7605329221166	0.04969990998506546	0.0016720796702429652	0.051371989655308425	0.0	0.0018746672431007028	0	0	1	0	59
0	60	1	31	26.056936054858788	116.04042202771505	63.82148162745364	0.04973191022872925	0.0	0.04973191022872925	0.0	0.0037329504266381264	0	0	1	0	60
0	61	1	33	29.779355491267186	123.44614456725584	63.90153365834419	0.04969996586441994	0.001625423552468419	0.051325389416888356	0.0	0.001870571170002222	0	0	1	0	61
0	62	1	35	28.538549012464387	131.05575287183572	63.78631591388394	0.04969992861151695	0.001660415786318481	0.051360344397835433	0.0	0.001873643253929913	0	0	1	0	62
0	63	1	33	28.538549012464387	138.34992238651222	63.70413262762557	0.04973261058330536	0.0	0.04973261058330536	0.0	0.0036513376981019974	0	0	1	0	63
0	64	1	33	29.779355491267186	145.9075618483111	63.5913320386435	0.04969995468854904	0.001637087669223547	0.05133704235777259	0.0	0.0018715952755883336	0	0	1	0	64
0	66	1	31	26.056936054858788	160.69444550882383	63.67138406953399	0.04971620813012123	0.0013709735358133912	0.05108718166593462	0.0	0.0015067914500832558	0	0	1	0	66
0	67	1	31	24.81612957605599	168.27437218376832	63.88152065062159	0.04969995468854904	0.001637087669223547	0.05133704235777259	0.0	0.0018715952755883336	0	0	1	0	67
0	68	1	32	27.297742533661587	175.3608531370519	63.63010724110604	0.049732696264982224	0.0	0.049732696264982224	0.0	0.003593123285099864	0	0	1	0	68
0	69	1	32	28.538549012464387	182.87839551448607	63.60102583925917	0.04969990998506546	0.0016720796702429652	0.051371989655308425	0.0	0.0018746672431007028	0	0	1	0	69
0	70	1	34	28.538549012464387	190.65082782575516	63.80117431079392	0.04969995468854904	0.001637087669223547	0.05133704235777259	0.0	0.0018715952755883336	0	0	1	0	70
0	73	1	31	27.297742533661587	213.06348346700491	63.82148162745372	0.04970809817314148	0.0014865347184240818	0.05119463289156556	0.0	0.0016876575537025928	0	0	1	0	73
0	77	1	29	26.056936054858788	56.41390835522381	70.95059805085316	0.04974644258618355	0.00032076003844849765	0.050067202624632046	1.68959977600025e-05	0.00238945079036057	0	0	1	0	77
0	78	1	31	28.538549012464387	63.80647187166169	71.14624245393462	0.04974669963121414	9.331200999440625e-05	0.04984001164120855	0.0	0.0028134933672845364	0	0	1	0	78
0	79	1	32	28.538549012464387	71.3075973286984	71.24943452500447	0.054658081382513046	0.0030658491887152195	0.057723930571228266	0.0035143063869327307	0.0042253597639501095	0	0	1	0	79
0	81	1	32	27.297742533661587	86.21181577525546	71.16219031946362	0.04975011199712753	0.00023328002134803683	0.04998339201847557	1.2287999197724275e-05	0.0027114006225019693	0	0	1	0	81
0	85	1	31	28.538549012464387	116.10046105088288	71.02616440759891	0.04972682520747185	0.0009842243744060397	0.05071104958187789	0.0	0.0012121334439143538	0	0	1	0	85
0	86	1	32	28.538549012464387	123.59595784949768	71.24943452500445	0.04977065324783325	0.0010406913934275508	0.0508113446412608	0.0	0.000816261803265661	0	0	1	0	86
0	88	1	31	28.538549012464387	138.57006547146108	70.99614489601495	0.049717824906110764	0.0011540231062099338	0.0508718480123207	0.0	0.0014711050316691399	0	0	1	0	88
0	90	1	31	28.538549012464387	153.47475297288656	71.0862034307668	0.055098168551921844	0.003306638216599822	0.058404806768521667	0.003909063059836626	0.0046990676783025265	0	0	1	0	90
0	92	1	32	27.297742533661587	168.09050267531677	71.24943452500443	0.049718134105205536	0.0012589991092681885	0.050977133214473724	0.0	0.0014118667459115386	0	0	1	0	92
0	93	1	32	27.297742533661587	175.88431837029677	70.95862050653506	0.04971816763281822	0.001189015107229352	0.050907182740047574	0.0	0.0014221067540347576	0	0	1	0	93
0	94	1	30	27.297742533661587	183.2826270001585	71.37739269313103	0.04971863701939583	0.001216425560414791	0.05093506257981062	0.0	0.0013868554960936308	0	0	1	0	94
0	95	1	30	26.056936054858788	190.74297595396038	70.97413058752008	0.049718163907527924	0.0012356711085885763	0.0509538350161165	0.0	0.0014098187675699592	0	0	1	0	95
0	96	1	32	29.779355491267186	198.00072447489512	71.04586471207588	0.04975338280200958	9.331200999440625e-05	0.04984669481200399	0.0	0.002451761392876506	0	0	1	0	96
0	97	1	32	29.779355491267186	205.5037261514058	71.04586471207585	0.0542353056371212	0.0034422322642058134	0.057677537901327014	0.002384490566328168	8.191999768314417e-06	0	0	1	0	97
0	99	1	32	27.297742533661587	220.18983408411088	71.33667873054526	0.053848445415496826	0.0030541853047907352	0.05690263072028756	0.002108583925291896	7.1679996835882775e-06	0	0	1	0	99
0	100	1	33	27.297742533661587	227.9840904063917	71.28997223666987	0.054662421345710754	0.0032932974863797426	0.0579557188320905	0.0035424663219600916	0.004251471720635891	0	0	1	0	100
0	101	1	32	27.297742533661587	48.95854000932453	78.78151760336206	0.050921741873025894	0.0020976245868951082	0.053019366459921	0.0014455134514719248	0.0017948785098269582	0	0	1	0	101
0	103	1	32	28.538549012464387	63.833677054034666	78.75243620151518	0.04977826401591301	0.000758335052523762	0.05053659906843677	0.0	0.0008028711308725178	0	0	1	0	103
0	104	1	32	26.056936054858788	71.26397522592795	78.78151760336203	0.04987963289022446	0.0015339909587055445	0.05141362384893	0.0002808319986797869	0.0009152039419859648	0	0	1	0	104
0	105	1	33	29.779355491267186	78.80531147760057	78.84761169846875	0.050922174006700516	0.002113371156156063	0.05303554516285658	0.0014455134514719248	0.0017749874386936426	0	0	1	0	105
0	106	1	32	29.779355491267186	86.19727507433196	78.75243620151512	0.049778759479522705	0.000758335052523762	0.05053709453204647	0.0	0.0007967270794324577	0	0	1	0	106
0	109	1	33	28.538549012464387	108.5282666743767	78.73481110948667	0.05092071369290352	0.0022060999181121588	0.05312681361101568	0.0014455134514719248	0.0018469489878043532	0	0	1	0	109
0	112	1	33	29.779355491267186	130.97558388180923	78.56561022601358	0.05092071369290352	0.0022061001509428024	0.05312681384384632	0.0014455134514719248	0.0018469489878043532	0	0	1	0	112
0	113	1	32	28.538549012464387	138.5147169969782	78.46162218304573	0.049785833805799484	0.0009180443012155592	0.050703878107015043	0.0	0.0005066003650426865	0	0	1	0	113
0	115	1	31	28.538549012464387	153.3246554149669	78.89127644259084	0.049879882484674454	0.0015339909587055445	0.05141387344338	0.0002808319986797869	0.0009152039419859648	0	0	1	0	115
0	116	1	31	27.297742533661587	160.63440648565597	78.80121790783899	0.05344000831246376	0.002794151194393635	0.056234159506857395	0.0017966961022466421	0.00010926079994533211	0	0	1	0	116
0	118	1	34	28.538549012464387	175.8022061768466	78.66348132527744	0.049777694046497345	0.001068597543053329	0.050846291589550674	0.0	0.0006905383197590709	0	0	1	0	118
0	120	1	30	26.056936054858788	190.7429759539603	78.66713075609748	0.04977773502469063	0.0010336055420339108	0.05081134056672454	0.0	0.0006874662940390408	0	0	1	0	120
0	121	1	32	28.538549012464387	198.02980587674207	78.83968040705595	0.0497782826423645	0.000758335052523762	0.050536617694888264	0.0	0.0007967270794324577	0	0	1	0	121
0	123	1	30	26.056936054858788	212.75178087172506	78.69815091806747	0.04978162422776222	0.0003102624323219061	0.05009188666008413	0.0	0.0012687437701970339	0	0	1	0	123
0	125	1	33	29.779355491267186	227.6033884185772	78.53741007876805	0.05043591558933258	0.0020678378641605377	0.05250375345349312	0.0009703087853267789	0.001739503932185471	0	0	1	0	125
0	127	1	29	24.81612957605599	56.36577362113237	86.32162313740164	0.0498802475631237	0.00115940161049366	0.05103964917361736	0.0001684992021182552	0.00016133120516315103	0	0	1	0	127
0	129	1	33	27.297742533661587	71.2053717949334	86.207850129549	0.0497782900929451	0.0009443758754059672	0.050722665968351066	0.0	0.0006583590293303132	0	0	1	0	129
0	130	1	31	26.056936054858788	78.93630570996679	86.21603726907192	0.050920549780130386	0.0020451366435736418	0.05296568642370403	0.001437833532691002	0.0017887345748022199	0	0	1	0	130
0	131	1	32	28.538549012464387	85.96462385955644	86.31360068171969	0.04977872967720032	0.0009951143292710185	0.050773844006471336	0.0	0.0006415398675017059	0	0	1	0	131
0	132	1	33	29.779355491267186	93.77958966497067	85.95404880433937	0.05106747895479202	0.0026802411302924156	0.05374772008508444	0.0018334814812988043	0.0022017136216163635	0	0	1	0	132
0	133	1	32	28.538549012464387	101.26144123104721	86.13911227063808	0.05124316364526749	0.0030566242057830095	0.054299787851050496	0.001375995809212327	0.0	0	0	1	0	133
0	134	1	32	28.538549012464387	108.5172509918589	85.93554245770949	0.054097045212984085	0.0024748488795012236	0.05657189409248531	0.0028069093823432922	0.003477552207186818	0	0	1	0	134
0	136	1	31	28.538549012464387	123.39520236578002	86.155998245904	0.050350870937108994	0.0016373487887904048	0.0519882197258994	0.0007329967338591814	0.0012707916321232915	0	0	1	0	136
0	137	1	31	28.538549012464387	131.05017781968445	85.85580313006467	0.050919558852910995	0.0021186198573559523	0.05303817871026695	0.001437833532691002	0.0018377330852672458	0	0	1	0	137
0	138	1	31	26.056936054858788	138.34491913458154	85.9158421532325	0.04977773502469063	0.0010336055420339108	0.05081134056672454	0.0	0.0006874662940390408	0	0	1	0	138
0	139	1	32	27.297742533661587	145.75598605686636	85.9646238595564	0.05025380104780197	0.0011520386906340718	0.05140583973843604	0.00044440609053708613	0.0011502668494358659	0	0	1	0	139
0	140	1	31	28.538549012464387	153.65487004239023	85.9158421532325	0.049779195338487625	0.0009408766636624932	0.05072007200215012	0.0	0.0006155046867206693	0	0	1	0	140
0	142	1	32	28.538549012464387	168.27953178732187	86.05186806509725	0.0497792549431324	0.0006848518387414515	0.05046410678187385	0.0	0.0007538727368228137	0	0	1	0	142
0	143	1	34	28.538549012464387	175.78852081127158	86.13569092924432	0.04977773502469063	0.0010336055420339108	0.05081134056672454	0.0	0.0006874662940390408	0	0	1	0	143
0	144	1	32	27.297742533661587	182.7766106080217	86.37176348541364	0.04988773167133331	0.0013834378914907575	0.05127116956282407	0.0002808319986797869	0.0007312659290619195	0	0	1	0	144
0	146	1	34	29.779355491267186	197.91775694609655	86.10832019809422	0.049788713455200195	0.0007675787201151252	0.05055629217531532	0.0	0.000365749147022143	0	0	1	0	146
0	149	1	33	28.538549012464387	220.22904991387418	86.12324968781243	0.049778811633586884	0.0007233430515043437	0.05050215468509123	0.0	0.0007916070753708482	0	0	1	0	149
0	151	1	33	27.297742533661587	49.110556428069906	93.62448885512019	0.04971812665462494	0.0012240071082487702	0.05094213376287371	0.0	0.0014251787215471268	0	0	1	0	151
0	153	1	32	27.297742533661587	64.12449107250403	93.64211394714866	0.04971816763281822	0.001189015107229352	0.050907182740047574	0.0	0.0014221067540347576	0	0	1	0	153
0	155	1	31	27.297742533661587	79.22149107001417	93.5708176071368	0.049718067049980164	0.0013173191109672189	0.05103538616094738	0.0	0.0014169866917654872	0	0	1	0	155
0	158	1	32	28.538549012464387	101.43592964212885	93.58395114345478	0.05425640195608139	0.003758617676794529	0.05801501963287592	0.002428151434287429	8.191999768314417e-06	0	0	1	0	158
0	159	1	32	27.297742533661587	108.50271029093541	93.52578833976088	0.04971810802817345	0.0012823271099478006	0.05100043513812125	0.0	0.001413914724253118	0	0	1	0	159
0	163	1	32	28.538549012464387	138.22390297850882	93.467625536067	0.04976242780685425	0.0014011964667588472	0.051163624273613095	0.0	0.0010063437512144446	0	0	1	0	163
0	164	1	31	26.056936054858788	145.939855565318	93.66087614188864	0.05427463352680206	0.003614275949075818	0.05788890947587788	0.002457988215610385	7.1679996835882775e-06	0	0	1	0	164
0	165	1	33	27.297742533661587	153.23960013214577	93.4270878244016	0.04971810802817345	0.0012823271099478006	0.05100043513812125	0.0	0.001413914724253118	0	0	1	0	165
0	167	1	33	31.020161970069985	168.25617854038418	93.56808856062919	0.049746688455343246	9.331200999440625e-05	0.04984000046533765	0.0	0.002817589556798339	0	0	1	0	167
0	169	1	32	26.056936054858788	182.93655831817995	93.84568376007725	0.05465885251760483	0.0031241693068295717	0.0577830218244344	0.0035194260999560356	0.004231503698974848	0	0	1	0	169
0	170	1	31	27.297742533661587	190.60888880221876	93.48075907238491	0.0497298538684845	0.0013825498754158616	0.05111240374390036	1.68959977600025e-05	0.0012238326016813517	0	0	1	0	170
0	171	1	33	28.538549012464387	197.99323381078307	93.31428723541951	0.04971810802817345	0.0012823271099478006	0.05100043513812125	0.0	0.001413914724253118	0	0	1	0	171
0	173	1	35	28.538549012464387	212.80274256639015	93.53908269489094	0.04972245544195175	0.0014981112908571959	0.05122056673280895	2.815999869199004e-05	0.001438490697182715	0	0	1	0	173
0	175	1	33	29.779355491267186	227.9135900382779	93.65268900236573	0.04976508393883705	0.0014128605835139751	0.05117794452235103	1.2287999197724275e-05	0.0009991757106035948	0	0	1	0	175
0	176	1	33	27.297742533661587	49.463058268638825	101.04112758069165	0.04973214119672775	0.0	0.04973214119672775	0.0	0.0036788322031497955	0	0	1	0	176
0	177	1	31	26.056936054858788	56.63180860310038	100.92559794520189	0.049700506031513214	0.0015478582354262471	0.05124836426693946	0.0	0.001842488069087267	0	0	1	0	177
0	178	1	29	26.056936054858788	63.95501669622358	101.05085176939703	0.04973933845758438	0.0	0.04973933845758438	0.0	0.003277318086475134	0	0	1	0	178
0	179	1	33	28.538549012464387	71.24767201580165	100.843726549973	0.049699995666742325	0.0016020956682041287	0.051302091334946454	0.0	0.0018685233080759645	0	0	1	0	179
0	182	1	30	26.056936054858788	93.63435890665625	101.03266753651799	0.049700941890478134	0.0015636043390259147	0.05126454622950405	0.0	0.0018225968815386295	0	0	1	0	182
0	183	1	31	24.81612957605599	101.27082232841718	101.10571501470551	0.04970813915133476	0.0014515426009893417	0.051159681752324104	0.0	0.0016845854697749019	0	0	1	0	183
0	184	1	34	29.779355491267186	108.62074656902006	100.97062721257781	0.049700912088155746	0.0015636043390259147	0.05126451642718166	0.0	0.0018225968815386295	0	0	1	0	184
0	185	1	32	29.779355491267186	116.04933407021649	100.88338300703697	0.05473863705992699	0.004130626562982798	0.058869263622909784	0.002873210469260812	0.0	0	0	1	0	185
0	186	1	32	29.779355491267186	123.77044626057932	100.73797599780228	0.04970241338014603	0.0015968470834195614	0.05129926046356559	4.607999471772928e-06	0.001796561642549932	0	0	1	0	186
0	189	1	32	27.297742533661587	145.84323026240716	100.79613880149617	0.049699995666742325	0.0016020956682041287	0.051302091334946454	0.0	0.0018685233080759645	0	0	1	0	189
0	190	1	32	27.297742533661587	153.2008249296832	101.14511562365946	0.04970003664493561	0.0015671037836000323	0.05126714042853564	0.0	0.0018654513405635953	0	0	1	0	190
0	192	1	32	28.538549012464387	168.29407248824532	101.26144123104723	0.04970908537507057	0.0014130515046417713	0.05112213687971234	0.0	0.001638659043237567	0	0	1	0	192
0	194	1	31	24.81612957605599	183.29913773152964	100.83553941045007	0.04970189929008484	0.001651084516197443	0.05135298380628228	4.607999471772928e-06	0.0018225968815386295	0	0	1	0	194
0	195	1	31	24.81612957605599	190.473801000091	100.83553941045011	0.054700929671525955	0.004092718940228224	0.05879364861175418	0.0028073929715901613	0.0	0	0	1	0	195
0	198	1	31	26.056936054858788	212.9283956648772	100.77550038728218	0.05567990243434906	0.004005238879472017	0.05968514131382108	0.004671307746320963	0.005605570040643215	0	0	1	0	198
0	199	1	32	27.297742533661587	220.378863196116	100.73797599780231	0.049700506031513214	0.0015478582354262471	0.05124836426693946	0.0	0.001842488069087267	0	0	1	0	199
0	200	1	30	27.297742533661587	227.59492837440354	101.00164737454786	0.05470125004649162	0.004121879115700722	0.058823129162192345	0.002808928955346346	0.0	0	0	1	0	200
0	203	1	33	27.297742533661587	63.746432848493846	108.45776630626288	0.04969789460301399	0.0018540380988270044	0.051551932701841	0.0	0.0019757358822971582	0	0	1	0	203
0	204	1	31	28.538549012464387	71.55150586031787	108.19031974851505	0.0557788610458374	0.004722573794424534	0.060501434840261936	0.00494701974093914	0.0059364247135818005	0	0	1	0	204
0	207	1	35	28.538549012464387	93.68532060132135	108.3755830200045	0.0557788610458374	0.004722573794424534	0.060501434840261936	0.00494701974093914	0.0059364247135818005	0	0	1	0	207
0	208	1	32	27.297742533661587	101.05787141811862	108.64811730017011	0.04969789460301399	0.0018540380988270044	0.051551932701841	0.0	0.001975736115127802	0	0	1	0	208
0	209	1	31	28.538549012464387	109.09090509603321	108.46049535277051	0.04969789460301399	0.0018540380988270044	0.051551932701841	0.0	0.0019757358822971582	0	0	1	0	209
0	210	1	32	28.538549012464387	116.13657827575733	108.27005907615988	0.05478338897228241	0.004810054320842028	0.05959344329312444	0.002972820308059454	0.0	0	0	1	0	210
0	213	1	29	28.538549012464387	138.66012400621287	108.04643312402659	0.049697935581207275	0.0018190460978075862	0.05151698167901486	0.0	0.001972663914784789	0	0	1	0	213
0	214	1	33	29.779355491267186	145.7806611857062	108.57056689524495	0.04969785362482071	0.0018890300998464227	0.05158688372466713	0.0	0.001978808082640171	0	0	1	0	214
0	216	1	31	26.056936054858788	160.90458208991146	108.46049535277052	0.04973037540912628	0.0	0.04973037540912628	0.0	0.00393713591620326	0	0	1	0	216
0	218	1	31	27.297742533661587	175.76424032396105	108.70065144544202	0.054782431572675705	0.004722573794424534	0.05950500536710024	0.0029682123567909002	0.0	0	0	1	0	218
0	219	1	30	28.538549012464387	182.8948749755326	108.44648624736467	0.04969790577888489	0.0018423740984871984	0.051540279877372086	0.0	0.0019747118931263685	0	0	1	0	219
0	220	1	30	27.297742533661587	190.38624409130458	108.22934511357418	0.04969789460301399	0.0018540382152423263	0.05155193281825632	0.0	0.0019757358822971582	0	0	1	0	220
0	223	1	31	28.538549012464387	213.09350297858884	108.5505538875223	0.049699798226356506	0.0021584685891866684	0.051858266815543175	4.607999471772928e-06	0.0019298095721751451	0	0	1	0	223
0	224	1	30	28.538549012464387	220.2276399065119	108.16730478963404	0.05478275194764137	0.004751733969897032	0.059534485917538404	0.002969748340547085	0.0	0	0	1	0	224
0	225	1	32	26.056936054858788	227.7655392652389	108.41546608539461	0.049698226153850555	0.0022132894955575466	0.0519115156494081	1.5359998997155344e-06	0.001974712125957012	0	0	1	0	225
0	226	1	31	26.056936054858788	49.036872172363864	115.87531471400334	0.049697961658239365	0.0017957179807126522	0.05149367963895202	0.0	0.0019706161692738533	0	0	1	0	226
0	227	1	30	26.056936054858788	56.627305676362774	116.04642593003186	0.04969799146056175	0.00177238998003304	0.05147038144059479	0.0	0.00196856795810163	0	0	1	0	227
0	228	1	32	26.056936054858788	63.79005495126427	116.06387477114	0.04969799146056175	0.00177238998003304	0.05147038144059479	0.0	0.00196856795810163	0	0	1	0	228
0	229	1	31	26.056936054858788	71.65657415086163	115.90533422558732	0.04969846457242966	0.0017531444318592548	0.05145160900428891	0.0	0.0019456048030406237	0	0	1	0	229
0	230	1	32	28.538549012464387	78.9996281172142	116.00571196744608	0.05478179082274437	0.004664253909140825	0.059446044731885195	0.0029651401564478874	0.0	0	0	1	0	230
0	233	1	30	26.056936054858788	101.3738893181887	115.82928479624132	0.04969845339655876	0.001764808315783739	0.0514632617123425	0.0	0.0019466287922114134	0	0	1	0	233
0	234	1	33	29.779355491267186	108.52826667437667	115.67700400111552	0.04969798028469086	0.0017840539803728461	0.0514820342650637	0.0	0.0019695921801030636	0	0	1	0	234
0	235	1	32	26.056936054858788	116.36922949053283	115.65673514528285	0.049697961658239365	0.0017957179807126522	0.05149367963895202	0.0	0.0019706159364432096	0	0	1	0	235
0	236	1	33	27.297742533661587	123.60124537710621	115.8180047373431	0.04969801753759384	0.001749061862938106	0.05144707940053195	0.0	0.0019665199797600508	0	0	1	0	236
0	238	1	32	28.538549012464387	138.45655419328426	115.91846776190528	0.0547805093228817	0.004547614138573408	0.05932812346145511	0.002958996221423149	0.0	0	0	1	0	238
0	239	1	32	27.297742533661587	146.22128848641742	115.56949093974201	0.04969850927591324	0.0017181525472551584	0.0514166618231684	0.0	0.0019425327191129327	0	0	1	0	239
0	240	1	31	27.297742533661587	152.85935298541585	116.02541227192302	0.04969927296042442	0.0024862270802259445	0.05218550004065037	6.143999598862138e-06	0.00196856795810163	0	0	1	0	240
0	241	1	32	27.297742533661587	161.03826272743368	115.77306075267057	0.05478179082274437	0.004664253909140825	0.059446044731885195	0.0029651401564478874	0.0	0	0	1	0	241
0	244	1	33	27.297742533661587	183.3150571694908	115.95900547357073	0.04969798028469086	0.0017840542132034898	0.05148203449789435	0.0	0.00196959194727242	0	0	1	0	244
0	245	1	33	28.538549012464387	190.75989604230762	115.84620488458867	0.04969799146056175	0.00177238998003304	0.05147038144059479	0.0	0.00196856795810163	0	0	1	0	245
0	246	1	32	27.297742533661587	198.13159078320638	115.97663056559917	0.0547805093228817	0.004547614138573408	0.05932812346145511	0.002958996221423149	0.0	0	0	1	0	246
0	248	1	33	27.297742533661587	213.10851273438084	115.76160444285208	0.04969799146056175	0.00177238998003304	0.05147038144059479	0.0	0.00196856795810163	0	0	1	0	248
0	250	1	34	29.779355491267186	227.62868560948857	115.80556349591126	0.049697935581207275	0.0018190459813922644	0.05151698156259954	0.0	0.001972663914784789	0	0	1	0	250
0	251	1	31	26.056936054858788	49.02186241657187	123.17005602890046	0.049731865525245667	0.0	0.049731865525245667	0.0	0.003747286507859826	0	0	1	0	251
0	252	1	31	27.297742533661587	56.61679884730842	123.23009505206831	0.04973187670111656	0.0	0.04973187670111656	0.0	0.003743190551176667	0	0	1	0	252
0	253	1	33	28.538549012464387	63.901533658344185	123.31924390465096	0.049699995666742325	0.0016020959010347724	0.0513020915677771	0.0	0.0018685233080759645	0	0	1	0	253
0	254	1	32	31.020161970069985	71.2930566277749	123.33422523287513	0.04969990998506546	0.0017420639051124454	0.051441973890177906	0.0	0.0018746672431007028	0	0	1	0	254
0	255	1	35	27.297742533661587	78.78234850055777	123.45138173745852	0.054722338914871216	0.004344952758401632	0.05906729167327285	0.002852589590474963	0.0	0	0	1	0	255
0	257	1	33	28.538549012464387	93.58218863425205	123.4038443463875	0.04969990998506546	0.0016720796702429652	0.051371989655308425	0.0	0.0018746672431007028	0	0	1	0	257
0	261	1	31	26.056936054858788	123.53029016790778	123.65036821424347	0.049732472747564316	0.0	0.049732472747564316	0.0	0.003645193763077259	0	0	1	0	261
0	262	1	29	27.297742533661587	131.08692584248544	123.51372767875796	0.05472202226519585	0.004315792582929134	0.05903781484812498	0.0028510536067187786	0.0	0	0	1	0	262
0	264	1	30	27.297742533661587	145.85680158326912	123.33616399299831	0.049716200679540634	0.0013709735358133912	0.051087174215354025	0.0	0.0015067914500832558	0	0	1	0	264
0	265	1	32	27.297742533661587	153.33169123799436	123.15973682179347	0.05470189079642296	0.00418019900098443	0.05888208979740739	0.0028120011556893587	0.0	0	0	1	0	265
0	267	1	29	26.056936054858788	168.34321002929713	123.51372767875797	0.04973185807466507	0.0	0.04973185807466507	0.0	0.0037493344862014055	0	0	1	0	267
0	268	1	31	26.056936054858788	175.16385009228225	123.47025114473982	0.0497187040746212	0.0012957404833287	0.0510144445579499	4.607999471772928e-06	0.001428685849532485	0	0	1	0	268
0	271	1	32	28.538549012464387	198.00072447489512	123.04341121440574	0.05470189079642296	0.00418019900098443	0.05888208979740739	0.0028120011556893587	0.0	0	0	1	0	271
0	272	1	31	26.056936054858788	205.3034397225567	123.11001700573257	0.05570521950721741	0.004228312522172928	0.059933532029390335	0.004744075704365969	0.005692891776561737	0	0	1	0	272
0	273	1	32	28.538549012464387	212.89040222052878	123.21789962548738	0.04971624165773392	0.0013359816512092948	0.05105222330894321	0.0	0.0015037194825708866	0	0	1	0	273
0	274	1	32	27.297742533661587	220.3352410933456	123.2178996254874	0.049699995666742325	0.0016020956682041287	0.051302091334946454	0.0	0.0018685233080759645	0	0	1	0	274
0	276	1	33	27.297742533661587	49.406657974147805	130.5384815995036	0.04978065937757492	0.0007198438397608697	0.05050050321733579	0.0	0.0007508007111027837	0	0	1	0	276
0	277	1	32	26.056936054858788	56.51970448952906	130.77906410569193	0.049725186079740524	0.001038462040014565	0.05076364811975509	0.0	0.0012320246314629912	0	0	1	0	277
0	278	1	32	27.297742533661587	63.83367705403464	130.63365709645728	0.04971814900636673	0.0012473351089283824	0.05096548411529511	0.0	0.001410842640325427	0	0	1	0	278
0	279	1	31	26.056936054858788	71.14624245393472	130.55485587854935	0.049778301268815994	0.0009327118750661612	0.050711013143882155	0.0	0.0006573350983671844	0	0	1	0	279
0	280	1	33	28.538549012464387	78.72071103586399	130.8486832192043	0.049740955233573914	0.0015228972770273685	0.05126385251060128	5.134079765412025e-05	0.0014026507269591093	0	0	1	0	280
0	282	1	31	26.056936054858788	94.03612003668795	130.88507050597275	0.05462218448519707	0.0038186146412044764	0.058440799126401544	0.002660397905856371	8.191999768314417e-06	0	0	1	0	282
0	283	1	32	28.538549012464387	101.33414473566452	130.6045756946103	0.04971812292933464	0.0012706631096079946	0.050988786038942635	0.0	0.0014128907350823283	0	0	1	0	283
0	284	1	30	26.056936054858788	108.69464754312524	130.6569222179348	0.04971810802817345	0.0012823271099478006	0.05100043513812125	0.0	0.001413914724253118	0	0	1	0	284
0	285	1	31	29.779355491267186	116.2055293414267	130.734972948053	0.04971814900636673	0.0012473351089283824	0.05096548411529511	0.0	0.0014108427567407489	0	0	1	0	285
0	286	1	31	28.538549012464387	123.3651828541961	130.94510952914058	0.04971816763281822	0.001189015107229352	0.050907182740047574	0.0	0.0014221067540347576	0	0	1	0	286
0	288	1	34	26.056936054858788	138.42747279143734	130.74998270384498	0.049726348370313644	0.001050126040354371	0.050776474410668015	0.0	0.0012228087289258838	0	0	1	0	288
0	290	1	31	27.297742533661587	153.09950907808735	130.79501197122087	0.049750518053770065	0.001818666816689074	0.05156918487045914	5.5948799854377285e-05	0.0011957495007663965	0	0	1	0	290
0	292	1	31	27.297742533661587	168.45448925327202	130.64491441330122	0.049746766686439514	0.0	0.049746766686439514	0.0	0.0028196375351399183	0	0	1	0	292
0	293	1	31	27.297742533661587	175.71921105658512	130.8250314828049	0.05465923622250557	0.0031533294823020697	0.05781256570480764	0.0035219865385442972	0.004234575666487217	0	0	1	0	293
0	296	1	31	27.297742533661587	197.9936886518677	130.6449144133012	0.050107691437006	0.0021536455024033785	0.052261336939409375	0.0002881948894355446	0.0014026507269591093	0	0	1	0	296
0	297	1	33	29.779355491267186	205.35347224186336	130.76408277746776	0.05385258048772812	0.0032932974863797426	0.05714587797410786	0.0021336718928068876	2.457599839544855e-05	0	0	1	0	297
0	298	1	33	26.056936054858788	212.81241118830292	130.67948233573122	0.04971812292933464	0.0012706631096079946	0.050988786038942635	0.0	0.0014128907350823283	0	0	1	0	298
0	299	1	33	27.297742533661587	220.3982507973473	130.6230820412402	0.054659321904182434	0.0030833452474325895	0.057742667151615024	0.0035219863057136536	0.004228431731462479	0	0	1	0	299
0	302	1	33	28.538549012464387	56.75279633160532	138.18072150303908	0.049777694046497345	0.001068597543053329	0.050846291589550674	0.0	0.0006905383197590709	0	0	1	0	302
0	303	1	33	28.538549012464387	63.91563373196694	138.124321208548	0.049777694046497345	0.001068597543053329	0.050846291589550674	0.0	0.0006905383197590709	0	0	1	0	303
0	304	1	32	26.056936054858788	71.58387064624432	138.22390297850873	0.04977799206972122	0.001068597543053329	0.05084658961277455	0.0	0.0006905383197590709	0	0	1	0	304
0	305	1	32	27.297742533661587	79.01416881813765	138.19482157666175	0.04977773502469063	0.0010336055420339108	0.05081134056672454	0.0	0.0006874662940390408	0	0	1	0	305
0	308	1	30	26.056936054858788	101.18776834636827	138.10176109075158	0.05073365941643715	0.0021711078006774187	0.05290476721711457	0.0008673081756569445	0.00010926079994533211	0	0	1	0	308
0	309	1	33	29.779355491267186	108.68336748422699	138.03972076681146	0.049864526838064194	0.0015514869010075927	0.051416013739071786	0.00017310721159446985	0.0005720614572055638	0	0	1	0	309
0	310	1	33	27.297742533661587	116.17050657791212	138.18072150303905	0.05073365941643715	0.0021711078006774187	0.05290476721711457	0.0008673081756569445	0.00010926079994533211	0	0	1	0	310
0	312	1	33	27.297742533661587	131.01788410267747	138.2653219447756	0.04978703707456589	0.0005727899260818958	0.05035982700064778	0.0	0.0005637907888740301	0	0	1	0	312
0	313	1	33	27.297742533661587	138.5191232699853	138.03972076681146	0.049863968044519424	0.0015864790184423327	0.05145044706296176	0.00017310721159446985	0.0005751334247179329	0	0	1	0	313
0	317	1	32	28.538549012464387	168.10504337624025	138.2239029785087	0.04978649318218231	0.0005377978668548167	0.05032429104903713	0.0	0.0006127891829237342	0	0	1	0	317
0	318	1	33	28.538549012464387	175.78561785493753	138.124321208548	0.049880772829055786	0.001460507744923234	0.05134128057397902	0.0002808319986797869	0.0008662054897285998	0	0	1	0	318
0	319	1	33	28.538549012464387	183.3714574639819	137.89872003058386	0.04987962543964386	0.0014989989576861262	0.051378624397329986	0.0002808319986797869	0.0009121319744735956	0	0	1	0	319
0	320	1	32	28.538549012464387	190.67221120946613	138.34022858589648	0.05092071369290352	0.0022060999181121588	0.05312681361101568	0.0014455134514719248	0.0018469489878043532	0	0	1	0	320
0	321	1	30	27.297742533661587	198.17230474579208	138.13278125272168	0.049777694046497345	0.001068597543053329	0.050846291589550674	0.0	0.0006905383197590709	0	0	1	0	321
0	323	1	34	29.779355491267186	212.7800639605801	138.22219230781184	0.049777694046497345	0.001068597543053329	0.050846291589550674	0.0	0.0006905383197590709	0	0	1	0	323
0	324	1	34	28.538549012464387	220.26595893012197	138.19482157666178	0.050342679023742676	0.0018228936241939664	0.05216557264793664	0.0007329967338591814	0.001457801554352045	0	0	1	0	324
0	325	1	32	28.538549012464387	227.89640557355014	138.10757737112095	0.05073361471295357	0.0022060999181121588	0.052939714631065726	0.0008673081756569445	0.00011233279656153172	0	0	1	0	325
0	328	1	33	28.538549012464387	64.08483461544006	145.85116155382002	0.04977773502469063	0.0010336055420339108	0.05081134056672454	0.0	0.0006874662940390408	0	0	1	0	328
0	329	1	32	26.056936054858788	71.1040275157698	145.46517203839693	0.04971814900636673	0.0012473349925130606	0.05096548399887979	0.0	0.001410842640325427	0	0	1	0	329
0	330	1	32	26.056936054858788	79.33406423845398	145.6396604494786	0.04977777600288391	0.0009986135410144925	0.050776389543898404	0.0	0.0006843942683190107	0	0	1	0	330
0	333	1	31	26.056936054858788	101.30084184000111	145.59463118210266	0.05386952683329582	0.0034055630676448345	0.05727508990094066	0.002152244793251157	8.191999768314417e-06	0	0	1	0	333
0	334	1	31	28.538549012464387	108.62560266648212	145.53459215893474	0.053849391639232635	0.003153329249471426	0.05700272088870406	0.0021131918765604496	8.191999768314417e-06	0	0	1	0	334
0	336	1	33	28.538549012464387	123.68584581884272	145.5409599341193	0.049718067049980164	0.0013173191109672189	0.05103538616094738	0.0	0.0014169866917654872	0	0	1	0	336
0	337	1	30	26.056936054858788	130.9826339186206	145.6396604494786	0.05025801807641983	0.0022883748169988394	0.05254639289341867	0.00044440609053708613	0.00039119552820920944	0	0	1	0	337
0	339	1	32	26.056936054858788	145.4797127393204	145.72690465501944	0.05025084316730499	0.0019861897453665733	0.052237032912671566	0.0004490140709094703	0.0005751334247179329	0	0	1	0	339
0	340	1	32	27.297742533661587	153.535261050923	145.61057904763166	0.04977868124842644	0.0009951143292710185	0.050773795577697456	0.0	0.0006415398675017059	0	0	1	0	340
0	341	1	31	26.056936054858788	160.67943575303192	145.65467020527055	0.05083806812763214	0.002719607437029481	0.05355767556466162	0.0010702520376071334	0.0	0	0	1	0	341
0	346	1	31	27.297742533661587	197.8586008497399	145.44453362418298	0.04976275563240051	0.0012612284626811743	0.05102398409508169	0.0	0.0010063437512144446	0	0	1	0	346
0	347	1	32	28.538549012464387	205.2129121329365	145.72690465501944	0.04977872967720032	0.0009951142128556967	0.050773843890056014	0.0	0.0006415398675017059	0	0	1	0	347
0	348	1	33	28.538549012464387	212.79831111468016	145.65376052310137	0.049785878509283066	0.000883052300196141	0.05066893080947921	0.0	0.0005035283393226564	0	0	1	0	348
0	351	1	33	29.779355491267186	49.08235628082436	153.2960004266368	0.04972992092370987	0.0012408323818817735	0.05097075330559164	2.0479999875533395e-05	0.0012223734520375729	0	0	1	0	351
0	352	1	31	27.297742533661587	56.82693542839593	153.1895676128392	0.049718596041202545	0.0012514175614342093	0.050970013602636755	0.0	0.001389927463606	0	0	1	0	352
0	353	1	32	28.538549012464387	64.05178756788669	152.99725511675464	0.04970145225524902	0.0015093670226633549	0.05121081927791238	0.0	0.001796561642549932	0	0	1	0	353
0	354	1	30	26.056936054858788	71.5014733410113	153.42572110396623	0.04977055639028549	0.0011223392793908715	0.05089289566967636	0.0	0.000823429727461189	0	0	1	0	354
0	355	1	33	27.297742533661587	78.9463122138281	153.01399895418157	0.04970813915133476	0.0014515426009893417	0.051159681752324104	0.0	0.0016845854697749019	0	0	1	0	355
0	356	1	32	26.056936054858788	86.3136006817197	153.08449932229541	0.05469996854662895	0.004005238879472017	0.05870520742610097	0.0028027850203216076	0.0	0	0	1	0	356
0	357	1	32	28.538549012464387	93.62757324622528	153.1135807241423	0.04969998076558113	0.0016020956682041287	0.05130207643378526	0.0	0.0018685233080759645	0	0	1	0	357
0	358	1	32	26.056936054858788	101.08695281996559	153.1426621259893	0.04976242780685425	0.0012612284626811743	0.05102365626953542	0.0	0.0010063437512144446	0	0	1	0	358
0	359	1	33	26.056936054858788	108.71156763147253	153.26780027939128	0.04971862584352493	0.001228089677169919	0.05094671552069485	0.0	0.0013878794852644205	0	0	1	0	359
0	360	1	35	28.538549012464387	116.16607512620207	153.0712049671654	0.04969998076558113	0.0016020956682041287	0.05130207643378526	0.0	0.0018685233080759645	0	0	1	0	360
0	361	1	31	27.297742533661587	123.36518285419614	153.09950907808738	0.049699995666742325	0.0016020956682041287	0.051302091334946454	0.0	0.0018685233080759645	0	0	1	0	361
0	362	1	32	27.297742533661587	131.12804092785527	152.9681737149077	0.05473831668496132	0.0041014663875103	0.05883978307247162	0.0028716744855046272	0.0	0	0	1	0	362
0	363	1	31	26.056936054858788	138.16480206507785	153.27962614759102	0.04971862584352493	0.001228089677169919	0.05094671552069485	0.0	0.0013878794852644205	0	0	1	0	363
0	366	1	31	27.297742533661587	160.85955282253548	152.91939200858369	0.05472042039036751	0.004169992636889219	0.05889041302725673	0.0028433739207684994	0.0	0	0	1	0	366
0	368	1	32	28.538549012464387	175.6952892582917	153.3462319389179	0.049726247787475586	0.0011317740427330136	0.0508580218302086	0.0	0.0012299766531214118	0	0	1	0	368
0	369	1	31	26.056936054858788	183.17905968519392	153.06948956650342	0.049738600850105286	0.0	0.049738600850105286	0.0	0.00336917070671916	0	0	1	0	369
0	372	1	33	29.779355491267186	205.43807268359987	152.985798806936	0.049740780144929886	0.0024212587159126997	0.052162038860842586	7.810559327481315e-05	0.001842488069087267	0	0	1	0	372
0	373	1	33	27.297742533661587	212.92521177728497	153.0703992486726	0.049700941890478134	0.0015636043390259147	0.05126454622950405	0.0	0.0018225968815386295	0	0	1	0	373
0	374	1	34	28.538549012464387	220.32070039242208	153.08449932229541	0.049700506031513214	0.0015478582354262471	0.05124836426693946	0.0	0.001842488069087267	0	0	1	0	374
0	376	1	34	27.297742533661587	49.07572095206071	160.6661918508625	0.05570406839251518	0.004140832927078009	0.05984490131959319	0.004736395552754402	0.00568367587402463	0	0	1	0	376
0	378	1	33	28.538549012464387	64.04253439457179	160.599838563226	0.04969841241836548	0.0017998004332184792	0.05149821285158396	0.0	0.0019497008761391044	0	0	1	0	378
0	385	1	32	28.538549012464387	116.16565967760424	160.5002567932653	0.049697935581207275	0.0018190460978075862	0.05151698167901486	0.0	0.001972663914784789	0	0	1	0	385
0	386	1	34	27.297742533661587	123.27777309987815	160.39248453936187	0.05577655881643295	0.004547614138573408	0.06032417295500636	0.0049316599033772945	0.005917992442846298	0	0	1	0	386
0	387	1	31	24.81612957605599	131.05017781968445	160.60438697407204	0.04969785362482071	0.0018890300998464227	0.05158688372466713	0.0	0.001978808082640171	0	0	1	0	387
0	388	1	36	28.538549012464387	138.42747279143737	160.52933819511222	0.04969790577888489	0.0018423740984871984	0.051540279877372086	0.0	0.0019747118931263685	0	0	1	0	388
0	389	1	33	29.779355491267186	145.73836096483794	160.43063767975292	0.04973108321428299	0.0	0.04973108321428299	0.0	0.003853475209325552	0	0	1	0	389
0	390	1	33	27.297742533661587	153.33830064750506	160.45883782699846	0.05478370934724808	0.004839214030653238	0.059622923377901316	0.0029743562918156385	0.0	0	0	1	0	390
0	391	1	33	28.538549012464387	160.59983856322603	160.43063767975292	0.054782431572675705	0.004722573794424534	0.05950500536710024	0.0029682123567909002	0.0	0	0	1	0	391
0	392	1	34	29.779355491267186	168.0426038958041	160.63882111971245	0.0496988408267498	0.001815547002479434	0.051514387829229236	0.0	0.0019298095721751451	0	0	1	0	392
0	394	1	31	27.297742533661587	183.40420602207342	160.4843089277363	0.049697935581207275	0.0018190460978075862	0.05151698167901486	0.0	0.001972663914784789	0	0	1	0	394
0	395	1	33	27.297742533661587	190.4637944962297	160.48703797424395	0.049697935581207275	0.0018190460978075862	0.05151698167901486	0.0	0.001972663914784789	0	0	1	0	395
0	396	1	32	27.297742533661587	197.9280209702778	160.41301258772444	0.0496978685259819	0.0018773662159219384	0.05157523474190384	0.0	0.0019777840934693813	0	0	1	0	396
0	397	1	31	27.297742533661587	205.648664105772	160.4242699045684	0.054784029722213745	0.004868374206125736	0.05965240392833948	0.002975892275571823	0.0	0	0	1	0	397
0	398	1	32	28.538549012464387	213.02126852884	160.5875009988061	0.04969785362482071	0.0018890300998464227	0.05158688372466713	0.0	0.001978808082640171	0	0	1	0	398
0	400	1	30	26.056936054858788	227.796559427209	160.8395398148129	0.049700506031513214	0.0015478582354262471	0.05124836426693946	0.0	0.001842488069087267	0	0	1	0	400
0	401	1	33	29.779355491267186	49.11055642806988	167.96007699430615	0.0547814704477787	0.004635094199329615	0.059416564647108316	0.002963604172691703	0.0	0	0	1	0	401
0	403	1	31	28.538549012464387	63.97157918537338	168.0192063353048	0.049697935581207275	0.0018190459813922644	0.05151698156259954	0.0	0.001972663914784789	0	0	1	0	403
0	406	1	31	26.056936054858788	86.77139823337478	168.10926487005662	0.04973074421286583	0.0	0.04973074421286583	0.0	0.0038912096060812473	0	0	1	0	406
0	407	1	33	28.538549012464387	93.77958966497067	168.07287758328823	0.055776555091142654	0.004547614138573408	0.06032416922971606	0.0049316599033772945	0.005917992442846298	0	0	1	0	407
0	408	1	31	27.297742533661587	101.01565647995369	167.89912828896908	0.04969799146056175	0.00177238998003304	0.05147038144059479	0.0	0.00196856795810163	0	0	1	0	408
0	413	1	31	27.297742533661587	138.28488011141366	168.0492258468888	0.04973037540912628	0.0	0.04973037540912628	0.0	0.00393713591620326	0	0	1	0	413
0	418	1	32	27.297742533661587	175.57896365090397	168.00325846977577	0.05575239658355713	0.004412020090967417	0.060164416674524546	0.004866571631282568	0.005839887075126171	0	0	1	0	418
0	422	1	32	26.056936054858788	205.37285984309457	167.74152585315346	0.04972014203667641	0.002174098277464509	0.051894240314140916	3.905280027538538e-05	0.0018674993189051747	0	0	1	0	422
0	423	1	32	26.056936054858788	213.0358092297635	167.945095666082	0.04969846457242966	0.0017531444318592548	0.05145160900428891	0.0	0.0019456048030406237	0	0	1	0	423
0	425	1	31	26.056936054858788	227.68298560838306	167.86910877738512	0.05577540397644043	0.004460134077817202	0.06023553805425763	0.004923979751765728	0.0059087760746479034	0	0	1	0	425
0	429	1	29	27.297742533661587	71.60843941677017	175.4671506748374	0.049709100276231766	0.0014013875043019652	0.05111048778053373	0.0	0.0016376350540667772	0	0	1	0	429
0	430	1	30	26.056936054858788	78.71366099905258	175.35697561680576	0.04969996586441994	0.001625423668883741	0.05132538953330368	0.0	0.001870571170002222	0	0	1	0	430
0	432	1	31	29.779355491267186	93.76594443243252	175.31394765020195	0.04970809817314148	0.0014865347184240818	0.05119463289156556	0.0	0.0016876575537025928	0	0	1	0	432
0	433	1	32	28.538549012464387	101.1596563245829	175.56442294998058	0.049708105623722076	0.0014865347184240818	0.05119464034214616	0.0	0.0016876575537025928	0	0	1	0	433
0	434	1	32	27.297742533661587	108.76444290755786	175.41901594074585	0.04969998076558113	0.0016020956682041287	0.05130207643378526	0.0	0.0018685233080759645	0	0	1	0	434
0	435	1	30	26.056936054858788	116.09295617298692	175.29493529286552	0.04969990998506546	0.0016720796702429652	0.051371989655308425	0.0	0.0018746672431007028	0	0	1	0	435
0	436	1	32	27.297742533661587	123.46509154118638	175.27360893151115	0.04970809817314148	0.0014865347184240818	0.05119463289156556	0.0	0.0016876575537025928	0	0	1	0	436
0	439	1	30	26.056936054858788	145.7017007734188	175.45003610271593	0.05474311485886574	0.004538866691291332	0.05928198155015707	0.002894714707508683	0.0	0	0	1	0	439
0	440	1	30	27.297742533661587	152.9449085934301	175.29493529286555	0.05568220838904381	0.00418019900098443	0.05986240739002824	0.004686668049544096	0.005624002311378717	0	0	1	0	440
0	442	1	31	28.538549012464387	168.15429413743263	175.313947650202	0.05568220838904381	0.00418019900098443	0.05986240739002824	0.004686668049544096	0.005624002311378717	0	0	1	0	442
0	444	1	31	27.297742533661587	182.9088840809385	175.34396716178594	0.049708057194948196	0.0016848227242007852	0.05139287991914898	0.0	0.001690729521214962	0	0	1	0	444
0	446	1	32	28.538549012464387	197.98618377397167	175.41901594074582	0.05568220838904381	0.00418019900098443	0.05986240739002824	0.004686668049544096	0.005624002311378717	0	0	1	0	446
0	449	1	33	29.779355491267186	220.4405510182156	175.32031542538655	0.04969992861151695	0.0018003839068114758	0.05150031251832843	0.0	0.001873643253929913	0	0	1	0	449
0	450	1	31	28.538549012464387	227.8030636547188	175.49406471970565	0.05472202226519585	0.004315792582929134	0.05903781484812498	0.0028510536067187786	0.0	0	0	1	0	450
0	451	1	31	29.779355491267186	49.0068526607799	182.75878652301876	0.04971863701939583	0.001216425560414791	0.05093506257981062	0.0	0.0013868554960936308	0	0	1	0	451
0	452	1	32	27.297742533661587	56.53424519045256	182.92201761725642	0.049747951328754425	9.331200999440625e-05	0.04984126333874883	0.0	0.0026236434932798147	0	0	1	0	452
0	454	1	34	27.297742533661587	71.56077659183644	182.86385481356254	0.054704099893569946	0.003162077162414789	0.057866177055984735	0.0036291221622377634	0.004363139159977436	0	0	1	0	454
0	455	1	31	27.297742533661587	78.81622766363105	183.29913773152967	0.054740555584430695	0.004305586218833923	0.05904614180326462	0.002882426604628563	0.0	0	0	1	0	455
0	456	1	31	27.297742533661587	86.47120311753538	182.63870847668298	0.053849391639232635	0.0031533294823020697	0.057002721121534705	0.0021131918765604496	8.191999768314417e-06	0	0	1	0	456
0	458	1	34	27.297742533661587	101.20327842735331	182.9733377381628	0.04975338280200958	9.331200999440625e-05	0.04984669481200399	0.0	0.002451761392876506	0	0	1	0	458
0	459	1	32	26.056936054858788	108.64811730017013	182.98018042095035	0.04974669963121414	9.331200999440625e-05	0.04984001164120855	0.0	0.0028134933672845364	0	0	1	0	459
0	463	1	31	26.056936054858788	138.8552508315085	183.1190206620261	0.04971812292933464	0.0012706631096079946	0.050988786038942635	0.0	0.0014128907350823283	0	0	1	0	463
0	464	1	32	26.056936054858788	145.75598605686636	182.8638548135626	0.049740955233573914	0.0015228972770273685	0.05126385251060128	5.134079765412025e-05	0.0014026507269591093	0	0	1	0	464
0	465	1	30	27.297742533661587	153.317150537071	183.17405643326325	0.04972013831138611	0.001334815053269267	0.051054953364655375	1.2799999240087345e-05	0.001421082764863968	0	0	1	0	465
0	468	1	35	29.779355491267186	175.64501997795628	182.7973830379124	0.04974668100476265	9.331200999440625e-05	0.049839993014757056	0.0	0.0028196375351399183	0	0	1	0	468
0	469	1	33	27.297742533661587	183.3150571694908	182.73695415095776	0.04971865192055702	0.001204761560074985	0.05092341348063201	0.0	0.001385831506922841	0	0	1	0	469
0	470	1	33	27.297742533661587	190.3086936863794	182.9061550344308	0.049729399383068085	0.0012524964986369014	0.050981895881704986	1.2287999197724275e-05	0.0011988214682787657	0	0	1	0	470
0	474	1	33	29.779355491267186	220.25725006111972	182.8497547399398	0.054658081382513046	0.0030658491887152195	0.057723930571228266	0.0035143063869327307	0.0042253597639501095	0	0	1	0	474
0	475	1	32	27.297742533661587	227.8091613680093	182.71844780432784	0.049729447811841965	0.0012058403808623552	0.05093528819270432	1.2287999197724275e-05	0.001194725395180285	0	0	1	0	475
0	476	1	33	29.779355491267186	48.997755839087795	190.40739420173878	0.049777694046497345	0.001068597543053329	0.050846291589550674	0.0	0.0006905383197590709	0	0	1	0	476
0	479	1	32	28.538549012464387	71.43846363700963	190.27961228453253	0.04988352209329605	0.0007756560225971043	0.050659178115893155	0.0002808319986797869	0.0014934093924239278	0	0	1	0	479
0	480	1	30	28.538549012464387	78.79121140397778	190.02951222864883	0.051414355635643005	0.003300109878182411	0.05471446551382542	0.0019361404702067375	0.0019591432064771652	0	0	1	0	480
0	481	1	32	28.538549012464387	86.56079259741873	190.33777508822638	0.04987209662795067	0.0013099547941237688	0.05118205142207444	0.0001684992021182552	0.000345269130775705	0	0	1	0	481
0	482	1	33	27.297742533661587	93.65268900236582	190.49199464347532	0.04977947473526001	0.0007233430515043437	0.050502817786764354	0.0	0.0006558758905157447	0	0	1	0	482
0	483	1	31	27.297742533661587	101.25581257262522	189.99348881474808	0.0497782826423645	0.000758335052523762	0.050536617694888264	0.0	0.0007967270794324577	0	0	1	0	483
0	485	1	30	27.297742533661587	116.07744609200186	190.09155255258898	0.0509207546710968	0.0021711078006774187	0.05309186247177422	0.0014455134514719248	0.001843877020291984	0	0	1	0	485
0	486	1	32	28.538549012464387	123.61049855042111	190.22144948083866	0.04978166148066521	0.00027527043130248785	0.050056931911967695	0.0	0.0012656718026846647	0	0	1	0	486
0	490	1	32	26.056936054858788	153.46255754630565	190.36685649007333	0.04978213831782341	0.0002560248249210417	0.05003816314274445	0.0	0.0012427086476236582	0	0	1	0	490
0	491	1	29	28.538549012464387	160.5453831064761	190.1963793068327	0.05138500779867172	0.002547490643337369	0.05393249844200909	0.001905358163639903	0.0023956906516104937	0	0	1	0	491
0	492	1	29	27.297742533661587	168.53574896566303	190.51727753410933	0.0497836172580719	0.0003102624323219061	0.050093879690393806	0.0	0.0012625998351722956	0	0	1	0	492
0	494	1	35	27.297742533661587	183.02338707512294	190.3751654620296	0.049781642854213715	0.0003102624323219061	0.05009190528653562	0.0	0.0012625998351722956	0	0	1	0	494
0	495	1	30	24.81612957605599	190.572365063125	190.4327743342598	0.0497826412320137	0.00036275043385103345	0.050145391665864736	4.607999471772928e-06	0.0012595278676599264	0	0	1	0	495
0	496	1	34	28.538549012464387	198.123037429722	190.36343514867957	0.05073361471295357	0.0022060999181121588	0.052939714631065726	0.0008673081756569445	0.00011233279656153172	0	0	1	0	496
0	497	1	34	29.779355491267186	205.38996655006335	190.17184003062914	0.04977872222661972	0.0009601222118362784	0.050738844438456	0.0	0.0006384678999893367	0	0	1	0	497
0	498	1	34	28.538549012464387	212.8758615196053	190.30869368637946	0.049777694046497345	0.001068597543053329	0.050846291589550674	0.0	0.0006905383197590709	0	0	1	0	498
0	499	1	33	29.779355491267186	220.4687511654611	190.43559434898435	0.050397276878356934	0.0012482667807489634	0.0516455436591059	0.0008554927189834416	0.001993152778595686	0	0	1	0	499
0	500	1	33	28.538549012464387	227.68798886031374	190.32279376000224	0.04977773502469063	0.0010336055420339108	0.05081134056672454	0.0	0.0006874662940390408	0	0	1	0	500
0	501	1	34	27.297742533661587	49.08940631763572	197.69879109689597	0.049884118139743805	0.001857375493273139	0.051741493633016944	0.00021215999731794	0.0005741094355471432	0	0	1	0	501
0	502	1	34	27.297742533661587	56.67109884620285	197.75353255919612	0.050733715295791626	0.0018083574250340462	0.05254207272082567	0.0008627001661807299	0.00022466559312306345	0	0	1	0	502
0	504	1	31	26.056936054858788	71.28133025606247	197.7085032918202	0.049788858741521835	0.0002560248249210417	0.05004488356644288	0.0	0.0008686887449584901	0	0	1	0	504
0	505	1	30	26.056936054858788	78.83774164693291	197.56741158737566	0.05087357759475708	0.0019873997662216425	0.05286097736097872	0.0013230175245553255	0.0016968819545581937	0	0	1	0	505
0	507	1	33	27.297742533661587	93.82188988583894	197.54203145485474	0.04977777600288391	0.0009986134245991707	0.05077638942748308	0.0	0.0006843942683190107	0	0	1	0	507
0	509	1	31	27.297742533661587	108.46049535277052	197.79856182657196	0.05303198844194412	0.002229686127975583	0.055261674569919705	0.0014771283604204655	0.00011233279656153172	0	0	1	0	509
0	510	1	34	29.779355491267186	116.18875373201213	197.72616182804606	0.0513838566839695	0.0024600105825811625	0.05384386726655066	0.0018976781284436584	0.002386474749073386	0	0	1	0	510
0	511	1	31	28.538549012464387	123.57531943528366	197.58842524548447	0.0497816801071167	0.00027527043130248785	0.05005695053841919	0.0	0.0012595278676599264	0	0	1	0	511
0	512	1	30	26.056936054858788	131.0136540805906	198.12577450283698	0.049777526408433914	0.0	0.049777526408433914	0.0	0.0017305203946307302	0	0	1	0	512
0	513	1	31	26.056936054858788	138.14979230928597	197.67848378023626	0.04987962543964386	0.001498999074101448	0.05137862451374531	0.0002808319986797869	0.0009121319744735956	0	0	1	0	513
0	515	1	31	27.297742533661587	153.20457736863116	197.58842524548442	0.04978279396891594	0.00039774246397428215	0.05018053643289022	7.679999725951348e-06	0.001271815737709403	0	0	1	0	515
0	517	1	31	26.056936054858788	168.1693038932246	197.85860084973993	0.049795135855674744	0.0003102624323219061	0.05010539828799665	0.0	0.0005789183778688312	0	0	1	0	517
0	518	1	32	26.056936054858788	175.65166715552132	197.69536975550227	0.049778372049331665	0.0006883510504849255	0.05046672309981659	0.0	0.0007905830862000585	0	0	1	0	518
0	519	1	31	26.056936054858788	183.34416699890556	197.58842524548442	0.049788422882556915	0.00027527043130248785	0.0500636933138594	0.0	0.0008793639135546982	0	0	1	0	519
0	520	1	35	29.779355491267186	190.5346977235899	197.687060783546	0.04978523403406143	0.0	0.04978523403406143	0.0	0.0013687885366380215	0	0	1	0	520
0	521	1	31	27.297742533661587	198.06873743082753	197.6784837802363	0.051120370626449585	0.0024699249770492315	0.053590295603498816	0.0011401430238038301	8.629760122857988e-05	0	0	1	0	521
0	522	1	32	28.538549012464387	205.35831914217113	197.78261396104304	0.04990234598517418	0.001591727719642222	0.0514940737048164	0.00023738878371659666	0.0005261350888758898	0	0	1	0	522
0	523	1	31	27.297742533661587	212.95841517646113	197.73852280340418	0.04986300691962242	0.0014989989576861262	0.05136200587730855	0.0001684992021182552	0.0005751334247179329	0	0	1	0	523
0	524	1	30	28.538549012464387	220.27417014946704	197.47435110146552	0.0497821643948555	0.0002560248249210417	0.05003818921977654	0.0	0.0012345166178420186	0	0	1	0	524
0	525	1	33	27.297742533661587	227.8430896701641	197.68303219108233	0.04977782070636749	0.0009636215399950743	0.05074144224636257	0.0	0.0006813223008066416	0	0	1	0	525
0	529	1	31	28.538549012464387	71.40140830239818	205.39349825730858	0.049718067049980164	0.0013173191109672189	0.05103538616094738	0.0	0.0014169866917654872	0	0	1	0	529
0	530	1	31	27.297742533661587	78.71115937308726	205.18336167622095	0.04971809685230255	0.0012939911102876067	0.05101208796259016	0.0	0.0014149387134239078	0	0	1	0	530
0	531	1	30	26.056936054858788	86.32911076270476	205.29143191792318	0.049746688455343246	9.331200999440625e-05	0.04984000046533765	0.0	0.0028175893239676952	0	0	1	0	531
0	534	1	33	29.779355491267186	108.71156763147255	205.2124715056357	0.04971858486533165	0.0012630815617740154	0.050981666427105665	0.0	0.0013909514527767897	0	0	1	0	534
0	535	1	33	28.538549012464387	115.97310554719344	205.1278710638992	0.049726832658052444	0.0009842243744060397	0.050711057032458484	0.0	0.0012100854655727744	0	0	1	0	535
0	536	1	32	29.779355491267186	123.59595784949762	205.25653423570685	0.04972941055893898	0.0012408324982970953	0.050970243057236075	1.2287999197724275e-05	0.001197797479107976	0	0	1	0	536
0	538	1	32	27.297742533661587	138.2966064831261	205.2856156375537	0.05558774620294571	0.003906094469130039	0.05949384067207575	0.00444167573004961	0.005338203627616167	0	0	1	0	538
0	539	1	33	28.538549012464387	145.87936170106553	205.38167238910884	0.04971807822585106	0.0013056551106274128	0.05102373333647847	0.0	0.0014159627025946975	0	0	1	0	539
0	545	1	32	28.538549012464387	190.3523157891498	204.99480161908437	0.04974669963121414	9.331200999440625e-05	0.04984001164120855	0.0	0.0028134933672845364	0	0	1	0	545
0	549	1	31	28.538549012464387	220.20812722398233	205.0332641183013	0.049718596041202545	0.0012514174450188875	0.05097001348622143	0.0	0.001389927463606	0	0	1	0	549
0	551	1	30	26.056936054858788	49.260017208471105	212.61219014285965	0.049699995666742325	0.0016020956682041287	0.051302091334946454	0.0	0.0018685233080759645	0	0	1	0	551
0	553	1	30	26.056936054858788	64.13418487311972	212.70525062876985	0.04973287507891655	8.748000982450321e-05	0.04982035508874105	4.607999471772928e-06	0.0037309026811271906	0	0	1	0	553
0	556	1	31	26.056936054858788	86.24605678065585	212.62820054903776	0.04970003664493561	0.0015671035507693887	0.051267140195705	0.0	0.0018654513405635953	0	0	1	0	556
0	557	1	30	26.056936054858788	94.0686411742372	212.7052506287699	0.049731895327568054	0.0	0.049731895327568054	0.0	0.003737046616151929	0	0	1	0	557
0	558	1	30	26.056936054858788	101.03266753651793	212.67423046679983	0.049699995666742325	0.0016020956682041287	0.051302091334946454	0.0	0.0018685233080759645	0	0	1	0	558
0	563	1	33	28.538549012464387	138.60372371172187	212.65731037845248	0.049699995666742325	0.0016020956682041287	0.051302091334946454	0.0	0.0018685233080759645	0	0	1	0	563
0	564	1	34	28.538549012464387	145.8723116642541	212.6432103048297	0.049699995666742325	0.0016020956682041287	0.051302091334946454	0.0	0.0018685233080759645	0	0	1	0	564
0	565	1	33	27.297742533661587	153.25370020576852	212.57270993671597	0.049700506031513214	0.0015478582354262471	0.05124836426693946	0.0	0.001842488069087267	0	0	1	0	565
0	566	1	30	26.056936054858788	161.2272918394388	212.6432103048297	0.049732670187950134	0.0	0.049732670187950134	0.0	0.0036329058930277824	0	0	1	0	566
0	567	1	33	26.056936054858788	168.27027861400694	212.7137106729435	0.05470189079642296	0.00418019900098443	0.05888208979740739	0.002812000922858715	0.0	0	0	1	0	567
0	568	1	30	26.056936054858788	175.48105626468592	212.79831111468005	0.04970813915133476	0.0014515426009893417	0.051159681752324104	0.0	0.0016845854697749019	0	0	1	0	568
0	572	1	32	26.056936054858788	205.57642965602315	212.64321030482975	0.04973173886537552	0.0	0.04973173886537552	0.0	0.003737046616151929	0	0	1	0	572
0	574	1	30	26.056936054858788	220.3517205543922	212.4570893330093	0.04970003664493561	0.0015671035507693887	0.051267140195705	0.0	0.0018654513405635953	0	0	1	0	574
0	577	1	33	27.297742533661587	56.61179559537772	220.01754880953268	0.0497303307056427	0.0	0.0497303307056427	0.0	0.0039514717645943165	0	0	1	0	577
0	578	1	31	26.056936054858788	63.77645236007777	220.10305893343838	0.05478306859731674	0.00478089414536953	0.05956396274268627	0.0029712843243032694	0.0	0	0	1	0	578
0	579	1	34	29.779355491267186	71.47866439838627	220.14279063994664	0.04969935864210129	0.0017613094532862306	0.05146066809538752	0.0	0.0019037743331864476	0	0	1	0	579
0	581	1	30	26.056936054858788	86.37564100565987	220.0880491776465	0.04969789460301399	0.0018540380988270044	0.051551932701841	0.0	0.001975736115127802	0	0	1	0	581
0	582	1	33	27.297742533661587	93.69498922323412	219.96114851504166	0.04969841241836548	0.0017998004332184792	0.05149821285158396	0.0	0.0019497006433084607	0	0	1	0	582
0	583	1	31	27.297742533661587	101.36088086316899	220.34321502610996	0.04969937354326248	0.0017496453365311027	0.051449018879793584	0.0	0.0019027504604309797	0	0	1	0	583
0	584	1	32	28.538549012464387	108.73536150571094	220.14621198134037	0.054782431572675705	0.004722573794424534	0.05950500536710024	0.0029682123567909002	0.0	0	0	1	0	584
0	585	1	32	27.297742533661587	116.22382248129816	219.9426421684117	0.049697935581207275	0.0018190459813922644	0.05151698156259954	0.0	0.001972663914784789	0	0	1	0	585
0	586	1	31	26.056936054858788	123.72541699320335	220.22313697977418	0.04969845339655876	0.001764808315783739	0.0514632617123425	0.0	0.0019466287922114134	0	0	1	0	586
0	588	1	33	28.538549012464387	138.44862290187152	220.07394910402377	0.04973031207919121	0.0	0.04973031207919121	0.0	0.003957616165280342	0	0	1	0	588
0	590	1	30	26.056936054858788	153.31715053707094	220.08804917764647	0.04969789460301399	0.001947350101545453	0.051645244704559445	0.0	0.0019757358822971582	0	0	1	0	590
0	592	1	33	28.538549012464387	168.19977824589316	219.96114851504166	0.04969790577888489	0.0018423740984871984	0.051540279877372086	0.0	0.0019747118931263685	0	0	1	0	592
0	593	1	30	27.297742533661587	176.07043934211725	220.05702901567642	0.049730755388736725	0.0	0.049730755388736725	0.0	0.0038871136493980885	0	0	1	0	593
0	596	1	33	27.297742533661587	198.17653476787893	220.01754880953268	0.04969785362482071	0.0018890300998464227	0.05158688372466713	0.0	0.001978808082640171	0	0	1	0	596
0	598	1	29	28.538549012464387	212.8678390639234	220.00782462082734	0.04969785362482071	0.0018890300998464227	0.05158688372466713	0.0	0.001978808082640171	0	0	1	0	598
0	599	1	32	27.297742533661587	220.3207003924221	220.0298863739526	0.04969790577888489	0.0018423740984871984	0.051540279877372086	0.0	0.001974712125957012	0	0	1	0	599
0	600	1	31	26.056936054858788	227.77304414313488	220.28317600294204	0.04969789460301399	0.0018540380988270044	0.051551932701841	0.0	0.0019757358822971582	0	0	1	0	600
0	601	1	32	27.297742533661587	49.016702813018384	227.6201322560043	0.04969845339655876	0.001764808315783739	0.0514632617123425	0.0	0.0019466287922114134	0	0	1	0	601
0	602	1	33	27.297742533661587	56.59769552175498	227.65978871306837	0.049697935581207275	0.0018190459813922644	0.05151698156259954	0.0	0.001972663914784789	0	0	1	0	602
0	603	1	34	29.779355491267186	64.06119625671953	227.64237097506373	0.054782431572675705	0.004722573794424534	0.05950500536710024	0.0029682123567909002	0.0	0	0	1	0	603
0	604	1	33	28.538549012464387	71.24767201580167	227.40598738785863	0.04969853535294533	0.0017881366657093167	0.051486672018654644	0.0	0.001940484857186675	0	0	1	0	604
0	605	1	30	26.056936054858788	78.7601912420077	227.43982756455333	0.04969799146056175	0.00177238998003304	0.05147038144059479	0.0	0.00196856795810163	0	0	1	0	605
0	607	1	33	29.779355491267186	93.89239025395273	227.40598738785872	0.04969795048236847	0.0018073819810524583	0.05150533246342093	0.0	0.0019716399256139994	0	0	1	0	607
0	608	1	32	28.538549012464387	101.21781912827679	227.50380664861655	0.05577540397644043	0.004460134077817202	0.06023553805425763	0.004923979751765728	0.0059087760746479034	0	0	1	0	608
0	609	1	33	27.297742533661587	108.71156763147253	227.6033884185773	0.04969889670610428	0.0017974678194150329	0.05149636452551931	1.5359998997155344e-06	0.001937412773258984	0	0	1	0	609
0	610	1	30	27.297742533661587	116.51172835958286	227.50186788849345	0.04969795048236847	0.0018073819810524583	0.05150533246342093	0.0	0.0019716399256139994	0	0	1	0	610
0	613	1	31	27.297742533661587	138.54004595987718	227.5178782946715	0.04969801753759384	0.0017490620957687497	0.05144707963336259	0.0	0.0019665199797600508	0	0	1	0	613
0	615	1	32	27.297742533661587	153.05541792044846	227.35839963938187	0.04969827085733414	0.0020150013733655214	0.05171327223069966	1.5359998997155344e-06	0.0019716399256139994	0	0	1	0	615
0	616	1	33	27.297742533661587	160.95234040379498	227.4623876823497	0.04973074421286583	0.0	0.04973074421286583	0.0	0.0038912096060812473	0	0	1	0	616
0	617	1	32	27.297742533661587	168.3667759928627	227.44564384492267	0.049698490649461746	0.0017298165475949645	0.05142830719705671	0.0	0.0019435568246990442	0	0	1	0	617
0	618	1	33	26.056936054858788	175.71511748682374	227.6033884185773	0.04969798028469086	0.0017840542132034898	0.05148203449789435	0.0	0.00196959194727242	0	0	1	0	618
0	619	1	29	26.056936054858788	182.9440793703817	227.54893296182735	0.049698036164045334	0.0017373980954289436	0.05143543425947428	0.0	0.001965495990589261	0	0	1	0	619
0	620	1	31	27.297742533661587	190.57886929063477	227.66797585259116	0.04969798028469086	0.0017840538639575243	0.05148203414864838	0.0	0.00196959194727242	0	0	1	0	620
0	621	1	33	29.779355491267186	197.9932338107831	227.54698812408628	0.04969795048236847	0.0018073819810524583	0.05150533246342093	0.0	0.0019716399256139994	0	0	1	0	621
0	623	1	34	27.297742533661587	212.88954688518032	227.39603439471318	0.04969801753759384	0.0017490620957687497	0.05144707963336259	0.0	0.0019665199797600508	0	0	1	0	623
0	624	1	30	27.297742533661587	220.53784152621262	227.4088074025832	0.04969798028469086	0.0017840539803728461	0.0514820342650637	0.0	0.00196959194727242	0	0	1	0	624
0	625	1	30	26.056936054858788	227.8430896701641	227.43982756455333	0.049698881804943085	0.001780554885044694	0.05147943668998778	0.0	0.001926737604662776	0	0	1	0	625
